Tanggal,Meninggal (Indonesia),Sembuh (Indonesia),Dirawat (Indonesia),Positif (Indonesia),Meninggal (Jakarta),Sembuh (Jakarta),Self-Isolation (Jakarta),Dirawat (Jakarta),Positif (Jakarta),Positif Aktif (Jakarta),Meninggal Harian (Indonesia),Sembuh Harian (Indonesia),Dirawat Harian (Indonesia),Positif Harian (Indonesia),Meninggal Harian (Jakarta),Sembuh Harian (Jakarta),Self-Isolation Harian (Jakarta),Dirawat Harian (Jakarta),Positif Harian (Jakarta),Positif Aktif Harian (Jakarta)
03/01/2020,0,0,0,0,0,0,0,0,0,0,0,0,0,0,0,0,0,0,0,0
03/02/2020,0,0,2,2,0,0,0,0,0,0,0,0,2,2,0,0,0,0,0,0
03/03/2020,0,0,2,2,1,0,0,2,3,2,0,0,0,0,1,0,0,2,3,2
03/04/2020,0,0,2,2,1,0,0,2,3,2,0,0,0,0,0,0,0,0,0,0
03/05/2020,0,0,2,2,3,0,0,4,7,4,0,0,0,0,2,0,0,2,4,2
03/06/2020,0,0,4,4,3,0,0,4,7,4,0,0,2,2,0,0,0,0,0,0
03/07/2020,0,0,4,4,3,0,0,4,7,4,0,0,0,0,0,0,0,0,0,0
03/08/2020,0,0,6,6,3,0,0,4,7,4,0,0,2,2,0,0,0,0,0,0
03/09/2020,0,0,19,19,3,0,0,31,34,31,0,0,13,13,0,0,0,27,27,27
03/10/2020,0,2,25,27,3,0,0,31,34,31,0,2,6,8,0,0,0,0,0,0
03/11/2020,1,2,31,34,3,0,0,33,36,33,1,0,6,7,0,0,0,2,2,2
03/12/2020,1,2,31,34,5,0,0,57,62,57,0,0,0,0,2,0,0,24,26,24
03/13/2020,4,2,63,69,7,0,0,65,72,65,3,0,32,35,2,0,0,8,10,8
03/14/2020,5,8,83,96,9,0,0,70,79,70,1,6,20,27,2,0,0,5,7,5
03/15/2020,5,8,104,117,11,0,0,84,95,84,0,0,21,21,2,0,0,14,16,14
03/16/2020,5,8,121,134,12,0,7,78,97,85,0,0,17,17,1,0,7,-6,2,1
03/17/2020,5,9,158,172,12,0,27,83,122,110,0,1,37,38,0,0,20,5,25,25
03/18/2020,19,11,197,227,15,12,42,91,160,133,14,2,39,55,3,12,15,8,38,23
03/19/2020,25,15,269,309,19,13,57,121,210,178,6,4,72,82,4,1,15,30,50,45
03/20/2020,32,17,320,369,20,13,66,125,224,191,7,2,51,60,1,0,9,4,14,13
03/21/2020,38,20,392,450,23,17,71,157,268,228,6,3,72,81,5,4,5,32,44,37
03/22/2020,48,29,437,514,29,21,77,177,304,254,10,9,45,64,4,4,6,20,36,26
03/23/2020,49,30,500,579,29,22,79,225,355,304,1,1,63,65,2,1,2,48,52,50
03/24/2020,55,30,601,686,34,23,109,260,426,369,6,0,101,107,3,1,30,35,70,65
03/25/2020,58,31,701,790,43,27,112,290,472,402,3,1,100,104,9,4,3,30,46,33
03/26/2020,78,35,780,893,49,29,113,324,515,437,20,4,79,103,6,2,1,34,43,35
03/27/2020,87,46,913,1046,57,31,132,346,566,478,9,11,133,153,8,2,19,22,51,41
03/28/2020,102,59,994,1155,62,43,134,364,603,498,15,13,81,109,5,12,2,18,37,20
03/29/2020,114,64,1107,1285,67,48,151,435,701,586,12,5,113,130,5,5,17,71,98,88
03/30/2020,122,75,1217,1414,78,49,151,449,727,600,8,11,110,129,11,1,0,14,26,14
03/31/2020,136,81,1311,1528,84,49,157,451,741,608,14,6,94,114,6,0,6,2,14,8
04/01/2020,157,103,1417,1677,90,51,176,499,816,675,21,22,106,149,6,2,19,48,75,67
04/02/2020,170,112,1508,1790,95,54,195,565,909,760,13,9,91,113,5,3,19,66,93,85
04/03/2020,181,134,1671,1986,98,56,209,627,990,836,11,22,163,196,3,2,14,62,81,76
04/04/2020,191,150,1751,2092,99,58,223,691,1071,914,10,16,80,106,1,2,14,64,81,78
04/05/2020,198,164,1911,2273,123,64,279,685,1151,964,7,14,160,181,24,6,56,-6,80,50
04/06/2020,209,192,2090,2491,131,68,317,783,1299,1100,11,28,179,218,8,4,38,98,148,136
04/07/2020,221,204,2313,2738,141,69,338,895,1443,1233,12,12,223,247,10,1,21,112,144,133
04/08/2020,240,222,2494,2956,144,75,357,976,1552,1333,19,18,181,218,3,6,19,81,109,100
04/09/2020,280,252,2761,3293,155,82,405,1077,1719,1482,40,30,267,337,11,7,48,101,167,149
04/10/2020,306,282,2924,3512,156,82,433,1139,1810,1572,26,30,163,219,1,0,28,62,91,90
04/11/2020,327,286,3229,3842,168,142,441,1152,1903,1593,21,4,305,330,12,60,8,13,93,21
04/12/2020,373,359,3509,4241,195,142,468,1277,2082,1745,46,73,280,399,27,0,27,125,179,152
04/13/2020,399,380,3778,4557,209,142,521,1370,2242,1891,26,21,269,316,14,0,53,93,160,146
04/14/2020,459,426,3954,4839,243,163,558,1385,2349,1943,60,46,176,282,34,21,37,15,107,52
04/15/2020,469,446,4221,5136,246,164,613,1424,2447,2037,10,20,267,297,3,1,55,39,98,94
04/16/2020,496,548,4472,5516,248,202,619,1601,2670,2220,27,102,251,380,2,38,6,177,223,183
04/17/2020,520,607,4796,5923,250,203,643,1727,2823,2370,24,59,324,407,2,1,24,126,153,150
04/18/2020,535,631,5082,6248,257,206,670,1769,2902,2439,15,24,286,325,7,3,27,42,79,69
04/19/2020,582,686,5307,6575,292,207,695,1839,3033,2534,47,55,225,327,35,1,25,70,131,95
04/20/2020,590,747,5423,6760,297,237,752,1826,3112,2578,8,61,116,185,5,30,57,-13,79,44
04/21/2020,616,842,5677,7135,305,286,753,1935,3279,2688,26,95,254,375,8,49,1,109,167,110
04/22/2020,635,913,5870,7418,308,291,815,1985,3399,2800,19,71,193,283,3,5,62,50,120,112
04/23/2020,647,960,6168,7775,316,292,888,2010,3506,2898,12,47,298,357,8,1,73,25,107,98
04/24/2020,689,1002,6520,8211,331,327,959,1988,3605,2947,42,42,352,436,15,35,71,-22,99,49
04/25/2020,720,1042,6845,8607,350,334,1050,1947,3681,2997,31,40,325,396,19,7,91,-41,76,50
04/26/2020,743,1107,7032,8882,357,338,1099,1952,3746,3051,23,65,187,275,7,4,49,5,65,54
04/27/2020,765,1151,7180,9096,375,338,1169,1950,3832,3119,22,44,148,214,18,0,70,-2,86,68
04/28/2020,773,1254,7484,9511,379,341,1206,2024,3950,3230,8,103,304,415,4,3,37,74,118,111
04/29/2020,784,1391,7596,9771,381,412,1238,2002,4033,3240,11,137,112,260,2,71,32,-22,83,10
04/30/2020,792,1522,7804,10118,381,412,1272,2073,4138,3345,8,131,208,347,0,0,34,71,105,105
05/01/2020,800,1591,8160,10551,393,427,1312,2151,4283,3463,8,69,356,433,12,15,40,78,145,118
05/02/2020,831,1665,8347,10843,400,562,1304,2089,4355,3393,31,74,187,292,7,135,-8,-62,72,-70
05/03/2020,845,1876,8471,11192,410,622,1323,2062,4417,3385,14,211,124,349,10,60,19,-27,62,-8
05/04/2020,864,1954,8769,11587,412,650,1330,2080,4472,3410,19,78,298,395,2,28,7,18,55,25
05/05/2020,872,2197,9002,12071,414,711,1370,2146,4641,3516,8,243,233,484,2,61,40,66,169,106
05/06/2020,895,2317,9226,12438,420,713,1381,2195,4709,3576,23,120,224,367,6,2,11,49,68,60
05/07/2020,930,2381,9465,12776,430,718,1431,2196,4775,3627,35,64,239,338,10,5,50,1,66,51
05/08/2020,943,2494,9675,13112,431,763,1426,2281,4901,3707,13,113,210,336,1,45,-5,85,126,80
05/09/2020,959,2607,10079,13645,437,767,1442,2312,4958,3754,16,113,404,533,6,4,16,31,57,47
05/10/2020,973,2698,10361,14032,444,803,1533,2360,5140,3893,14,91,282,387,7,36,91,48,182,139
05/11/2020,991,2881,10393,14265,453,836,1648,2258,5195,3906,18,183,32,233,9,33,115,-102,55,13
05/12/2020,1007,3063,10679,14749,457,1262,1741,1843,5303,3584,16,182,286,484,4,426,93,-415,108,-322
05/13/2020,1028,3287,11123,15438,461,1277,1866,1833,5437,3699,21,224,444,689,4,15,125,-10,134,115
05/14/2020,1043,3518,11445,16006,466,1279,1995,1877,5617,3872,15,231,322,568,5,2,129,44,180,173
05/15/2020,1076,3803,11617,16496,474,1286,2019,1900,5679,3919,33,285,172,490,8,7,24,23,62,47
05/16/2020,1089,3911,12025,17025,475,1292,2120,1908,5795,4028,13,108,408,529,1,6,101,8,116,109
05/17/2020,1148,4129,12237,17514,478,1295,2217,1932,5922,4149,59,218,212,489,3,3,97,24,127,121
05/18/2020,1191,4324,12495,18010,483,1301,2266,1946,5996,4212,43,195,258,496,5,6,49,14,74,63
05/19/2020,1221,4467,12808,18496,487,1417,2213,1936,6053,4149,30,143,313,486,4,116,-53,-10,57,-63
05/20/2020,1242,4575,13372,19189,493,1425,2263,1969,6150,4232,21,108,564,693,6,8,50,33,97,83
05/21/2020,1278,4838,14046,20162,498,1536,2231,1955,6220,4186,36,263,674,973,5,111,-32,-14,70,-46
05/22/2020,1326,5057,14413,20796,501,1558,2282,1975,6316,4257,48,219,367,634,3,22,51,20,96,71
05/23/2020,1351,5249,15145,21745,504,1587,2346,2006,6443,4352,25,192,732,949,3,29,64,31,127,95
05/24/2020,1372,5402,15497,22271,505,1594,2431,2031,6561,4462,21,153,352,526,1,7,85,25,118,110
05/25/2020,1391,5642,15717,22750,506,1648,2430,2044,6628,4474,19,240,220,479,1,54,-1,13,67,12
05/26/2020,1418,5877,15870,23165,508,1678,2459,2044,6689,4503,27,235,153,415,2,30,29,0,61,29
05/27/2020,1473,6057,16321,23851,510,1698,2584,2034,6826,4618,55,180,451,686,2,20,125,-10,137,115
05/28/2020,1496,6240,16802,24538,514,1719,2641,2055,6929,4696,23,183,481,687,4,21,57,21,103,78
05/29/2020,1520,6492,17204,25216,517,1807,2722,2007,7053,4729,24,252,402,678,3,88,81,-48,124,33
05/30/2020,1573,7015,17185,25773,519,2003,2781,1848,7151,4629,53,523,-19,557,2,196,59,-159,98,-100
05/31/2020,1613,7308,17552,26473,520,2102,2827,1823,7272,4650,40,293,367,700,1,99,46,-25,121,21
06/01/2020,1641,7637,17662,26940,521,2246,2822,1794,7383,4616,28,329,110,467,1,144,-5,-29,111,-34
06/02/2020,1663,7935,17951,27549,525,2405,2786,1743,7459,4529,22,298,289,609,4,159,-36,-51,76,-87
06/03/2020,1698,8406,18129,28233,529,2534,2777,1699,7539,4476,35,471,178,684,4,129,-9,-44,80,-53
06/04/2020,1721,8892,18205,28818,530,2607,2793,1670,7600,4463,23,486,76,585,1,73,16,-29,61,-13
06/05/2020,1770,9443,18308,29521,532,2751,2768,1633,7684,4401,49,551,103,703,2,144,-25,-37,84,-62
06/06/2020,1801,9907,18806,30514,535,2840,2776,1635,7786,4411,31,464,498,993,3,89,8,2,102,10
06/07/2020,1851,10498,18837,31186,537,3170,2794,1445,7946,4239,50,591,31,672,2,330,18,-190,160,-172
06/08/2020,1883,10904,19246,32033,538,3205,2846,1448,8037,4294,32,406,409,847,1,35,52,3,91,55
06/09/2020,1923,11414,19739,33076,547,3369,2918,1442,8276,4360,40,510,493,1043,9,164,72,-6,239,66
06/10/2020,1959,12129,20228,34316,551,3517,2928,1427,8423,4355,36,715,489,1240,4,148,10,-15,147,-5
06/11/2020,2000,12636,20659,35295,555,3664,2887,1446,8552,4333,41,507,431,979,4,147,-41,19,129,-22
06/12/2020,2048,13213,21145,36406,561,3780,2863,1424,8628,4287,48,577,486,1111,6,116,-24,-22,76,-46
06/13/2020,2091,13776,21553,37420,564,3840,2925,1419,8748,4344,43,563,408,1014,3,60,62,-5,120,57
06/14/2020,2134,14531,21612,38277,571,4091,2833,1368,8863,4201,43,755,59,857,7,251,-92,-51,115,-143
06/15/2020,2198,15123,21973,39294,580,4198,2800,1390,8968,4190,64,592,361,1017,9,107,-33,22,105,-11
06/16/2020,2231,15703,22466,40400,583,4329,2764,1416,9092,4180,33,580,493,1106,3,131,-36,26,124,-10
06/17/2020,2276,16243,22912,41431,588,4444,2775,1402,9209,4177,45,540,446,1031,5,115,11,-14,117,-3
06/18/2020,2339,16798,23625,42762,594,4592,2822,1377,9385,4199,63,555,713,1331,6,148,47,-25,176,22
06/19/2020,2373,17349,24081,43803,599,4682,2862,1382,9525,4244,34,551,456,1041,5,90,40,5,140,45
06/20/2020,2429,17883,24717,45029,603,4821,2939,1340,9703,4279,56,534,636,1226,4,139,77,-42,178,35
06/21/2020,2465,18404,25022,45891,615,5054,2874,1287,9830,4161,36,521,305,862,12,233,-65,-53,127,-118
06/22/2020,2500,18735,25610,46845,618,5128,2901,1310,9957,4211,35,331,588,954,3,74,27,23,127,50
06/23/2020,2535,19241,26120,47896,619,5228,2957,1319,10123,4276,35,506,510,1051,1,100,56,9,166,65
06/24/2020,2573,19658,26778,49009,628,5322,2978,1349,10277,4327,38,417,658,1113,9,94,21,30,154,51
06/25/2020,2620,20449,27118,50187,631,5435,3068,1338,10472,4406,47,791,340,1178,3,113,90,-11,195,79
06/26/2020,2683,21333,27411,51427,632,5542,3136,1330,10640,4466,63,884,293,1240,1,107,68,-8,168,60
06/27/2020,2720,21909,28183,52812,632,5610,3256,1355,10853,4611,37,576,772,1385,0,68,120,25,213,145
06/28/2020,2754,22936,28320,54010,635,5865,3163,1322,10985,4485,34,1027,137,1198,3,255,-93,-33,132,-126
06/29/2020,2805,23800,28487,55092,636,6118,3299,1027,11080,4326,51,864,167,1082,1,253,136,-295,95,-159
06/30/2020,2876,24806,28703,56385,641,6512,3172,951,11276,4123,71,1006,216,1293,5,394,-127,-76,196,-203
07/01/2020,2934,25595,29241,57770,644,6680,3269,889,11482,4158,58,789,538,1385,3,168,97,-62,206,35
07/02/2020,2987,26667,29740,59394,646,6871,3356,804,11677,4160,53,1072,499,1624,2,191,87,-85,195,2
07/03/2020,3036,27568,30091,60695,648,7109,3331,736,11824,4067,49,901,351,1301,2,238,-25,-68,147,-93
07/04/2020,3089,28219,30834,62142,650,7377,3366,646,12039,4012,53,651,743,1447,2,268,35,-90,215,-55
07/05/2020,3171,29105,31473,63749,658,7663,3390,584,12295,3974,82,886,639,1607,8,286,24,-62,256,-38
07/06/2020,3241,29919,31798,64958,658,8033,3340,495,12526,3835,70,814,325,1209,0,370,-50,-89,231,-139
07/07/2020,3309,30785,32132,66226,664,8277,3379,405,12725,3784,68,866,334,1268,6,244,39,-90,199,-51
07/08/2020,3359,31585,33135,68079,667,8429,3556,417,13069,3973,50,800,1003,1853,3,152,177,12,344,189
07/09/2020,3417,32651,34668,70736,677,8647,3584,451,13359,4035,58,1066,1533,2657,10,218,28,34,290,62
07/10/2020,3469,33529,35349,72347,684,8825,3613,476,13598,4089,52,878,681,1611,7,178,29,25,239,54
07/11/2020,3535,34719,35764,74018,690,9040,3732,495,13957,4227,66,1190,415,1671,6,215,119,19,359,138
07/12/2020,3606,35638,36455,75699,702,9200,3905,554,14361,4459,71,919,691,1681,12,160,173,59,404,232
07/13/2020,3656,36689,36636,76981,710,9408,3924,597,14639,4521,50,1051,181,1282,8,208,19,43,278,62
07/14/2020,3710,37636,37226,78572,714,9528,4053,619,14914,4672,54,947,590,1591,4,120,129,22,275,151
07/15/2020,3797,39050,37247,80094,720,9721,4041,691,15173,4732,87,1414,21,1522,6,193,-12,72,259,60
07/16/2020,3873,40345,37450,81668,722,9857,4110,777,15466,4887,76,1295,203,1574,2,136,69,86,293,155
07/17/2020,3957,41834,37339,83130,731,9994,4156,826,15707,4982,84,1489,-111,1462,9,137,46,49,241,95
07/18/2020,4016,43268,37598,84882,740,10117,4289,892,16038,5181,59,1434,259,1752,9,123,133,66,331,199
07/19/2020,4143,45401,36977,86521,748,10444,4236,923,16351,5159,127,2133,-621,1639,8,327,-53,31,313,-22
07/20/2020,4239,46977,36998,88214,749,10602,4335,1026,16712,5361,96,1576,21,1693,1,158,99,103,361,202
07/21/2020,4320,48466,37083,89869,758,10864,4458,1073,17153,5531,81,1489,85,1655,9,262,123,47,441,170
07/22/2020,4459,50255,37037,91751,766,11187,4383,1193,17529,5576,139,1789,-46,1882,8,323,-75,120,376,45
07/23/2020,4576,52164,36917,93657,767,11302,4675,1201,17945,5876,117,1909,-120,1906,1,115,292,8,416,300
07/24/2020,4665,53945,36808,95418,768,11585,4577,1300,18230,5877,89,1781,-109,1761,1,283,-98,99,285,1
07/25/2020,4714,55354,37218,97286,769,11715,4729,1410,18623,6139,49,1409,410,1868,1,130,152,110,393,262
07/26/2020,4781,56655,37342,98778,779,11889,4842,1491,19001,6333,67,1301,124,1492,10,174,113,81,378,194
07/27/2020,4838,58173,37292,100303,782,11996,4993,1702,19473,6695,57,1518,-50,1525,3,107,151,211,472,362
07/28/2020,4901,60539,36611,102051,795,12373,4869,1848,19885,6717,63,2366,-681,1748,13,377,-124,146,412,22
07/29/2020,4975,62138,37319,104432,820,12613,5093,1944,20470,7037,74,1599,708,2381,25,240,224,96,585,320
07/30/2020,5058,64292,36986,106336,821,12801,5098,2049,20769,7147,83,2154,-333,1904,1,188,5,105,299,110
07/31/2020,5131,65907,37338,108376,836,13208,4974,2183,21201,7157,73,1615,352,2040,15,407,-124,134,432,10
08/01/2020,5193,67919,36824,109936,852,13887,4683,2153,21575,6836,62,2012,-514,1560,16,679,-291,-30,374,-321
08/02/2020,5236,68975,37244,111455,852,14027,4916,2159,21954,7075,43,1056,420,1519,0,140,233,6,379,239
08/03/2020,5302,70237,37595,113134,867,14165,5084,2327,22443,7411,66,1262,351,1679,15,138,168,168,489,336
08/04/2020,5388,72050,37618,115056,880,14381,5216,2432,22909,7648,86,1813,23,1922,13,216,132,105,466,237
08/05/2020,5452,73889,37530,116871,895,14760,5128,2483,23266,7611,64,1839,-88,1815,15,379,-88,51,357,-37
08/06/2020,5521,75645,37587,118753,908,15006,5397,2552,23863,7949,69,1756,57,1882,13,246,269,69,597,338
08/07/2020,5593,77557,38076,121226,922,15201,5803,2595,24521,8398,72,1912,489,2473,14,195,406,43,658,449
08/08/2020,5658,79306,38539,123503,934,15710,6110,2488,25242,8598,65,1749,463,2277,12,509,307,-107,721,200
08/09/2020,5723,80952,38721,125396,939,16268,6091,2416,25714,8507,65,1646,182,1893,5,558,-19,-72,472,-91
08/10/2020,5765,82236,39082,127083,940,16446,6252,2555,26193,8807,42,1284,361,1687,1,178,161,139,479,300
08/11/2020,5824,83710,39242,128776,953,16927,6236,2548,26664,8784,59,1474,160,1693,13,481,-16,-7,471,-23
08/12/2020,5903,85798,39017,130718,968,17349,6208,2717,27242,8925,79,2088,-225,1942,15,422,-28,169,578,141
08/13/2020,5968,87558,39290,132816,981,17838,6330,2714,27863,9044,65,1760,273,2098,13,489,122,-3,621,119
08/14/2020,6021,89618,39484,135123,985,18528,6331,2594,28438,8925,53,2060,194,2307,4,690,1,-120,575,-119
08/15/2020,6071,91321,40076,137468,991,18974,6457,2614,29036,9071,50,1703,592,2345,6,446,126,20,598,146
08/16/2020,6150,93103,40296,139549,995,19708,6284,2567,29554,8851,79,1782,220,2081,4,734,-173,-47,518,-220
08/17/2020,6207,94458,40705,141370,1011,19916,6514,2651,30092,9165,57,1355,409,1821,16,208,230,84,538,314
08/18/2020,6277,96306,40460,143043,1028,20505,6602,2462,30597,9064,70,1848,-245,1673,17,589,88,-189,505,-101
08/19/2020,6346,98657,39942,144945,1046,21069,6488,2559,31162,9047,69,2351,-518,1902,18,564,-114,97,565,-17
08/20/2020,6418,100674,40119,147211,1061,21795,6357,2544,31757,8901,72,2017,177,2266,15,726,-131,-15,595,-146
08/21/2020,6500,102991,39917,149408,1076,22228,6518,2576,32398,9094,82,2317,-202,2197,15,433,161,32,641,193
08/22/2020,6594,105198,39706,151498,1091,22877,6269,2762,32999,9031,94,2207,-211,2090,15,649,-249,186,601,-63
08/23/2020,6680,107500,39355,153535,1107,23567,6040,2922,33636,8962,86,2302,-351,2037,16,690,-229,160,637,-69
08/24/2020,6759,111060,37593,155412,1112,25463,5090,2630,34295,7720,79,3560,-1762,1877,5,1896,-950,-292,659,-1242
08/25/2020,6858,112867,38134,157859,1129,25986,5130,2686,34931,7816,99,1807,541,2447,17,523,40,56,636,96
08/26/2020,6944,115409,37812,160165,1144,26750,4978,2770,35642,7748,86,2542,-322,2306,15,764,-152,84,711,-68
08/27/2020,7064,118575,37245,162884,1147,28288,4499,2528,36462,7027,120,3166,-567,2719,3,1538,-479,-242,820,-721
08/28/2020,7169,120900,37818,165887,1154,29169,4128,2827,37278,6955,105,2325,573,3003,7,881,-371,299,816,-72
08/29/2020,7261,122802,39132,169195,1172,29768,4414,2812,38166,7226,92,1902,1314,3308,18,599,286,-15,888,271
08/30/2020,7343,124185,40525,172053,1186,30134,4945,3015,39280,7960,82,1383,1393,2858,14,366,531,203,1114,734
08/31/2020,7417,125959,41420,174796,1202,30538,5281,3288,40309,8569,74,1774,895,2743,16,404,336,273,1029,609
09/01/2020,7505,128057,42009,177571,1219,31267,5423,3341,41250,8764,88,2098,589,2775,17,729,142,53,941,195
09/02/2020,7616,129971,43059,180646,1237,31741,5757,3568,42303,9325,111,1914,1050,3075,18,474,334,227,1053,561
09/03/2020,7750,132055,44463,184268,1253,32424,6323,3709,43709,10032,134,2084,1404,3622,16,683,566,141,1406,707
09/04/2020,7832,134181,45524,187537,1260,33260,6257,3827,44604,10084,82,2126,1061,3269,7,836,-66,118,895,52
09/05/2020,7940,136401,46324,190665,1277,33991,6501,3677,45446,10178,108,2220,800,3128,17,731,244,-150,842,94
09/06/2020,8025,138575,47509,194109,1289,34738,6582,4082,46691,10664,85,2174,1185,3444,12,747,81,405,1245,486
09/07/2020,8130,140652,48207,196989,1318,35431,6706,4341,47796,11047,105,2077,698,2880,29,693,124,259,1105,383
09/08/2020,8230,142958,48847,200035,1330,36451,6598,4432,48811,11030,100,2306,640,3046,12,1020,-108,91,1015,-17
09/09/2020,8336,145200,49806,203342,1347,37245,6691,4554,49837,11245,106,2242,959,3307,17,794,93,122,1026,215
09/10/2020,8456,147510,51237,207203,1365,38226,6968,4728,51287,11696,120,2310,1431,3861,18,981,277,174,1450,451
09/11/2020,8544,150217,52179,210940,1382,39115,7143,4681,52321,11824,88,2707,942,3737,17,889,175,-47,1034,128
09/12/2020,8650,152458,53638,214746,1404,40183,7490,4684,53761,12174,106,2241,1459,3806,22,1068,347,3,1440,350
09/13/2020,8723,155010,54649,218382,1410,41014,7791,4649,54864,12440,73,2552,1011,3636,6,831,301,-35,1103,266
09/14/2020,8841,158405,54277,221523,1440,42325,7530,4631,55926,12161,118,3395,-372,3141,30,1311,-261,-18,1062,-279
09/15/2020,8965,161065,55000,225030,1468,43306,7711,4468,56953,12179,124,2660,723,3507,28,981,181,-163,1027,18
09/16/2020,9100,164101,55792,228993,1498,44251,7907,4802,58458,12709,135,3036,792,3963,30,945,196,334,1505,530
09/17/2020,9222,166686,56720,232628,1513,45207,8013,4739,59472,12752,122,2585,928,3635,15,956,106,-63,1014,43
09/18/2020,9336,170774,56409,236519,1535,46235,8450,4655,60875,13105,114,4088,-311,3891,22,1028,437,-84,1403,353
09/19/2020,9448,174350,56889,240687,1546,47260,8696,4305,61807,13001,112,3576,480,4168,11,1025,246,-350,932,-104
09/20/2020,9553,177327,57796,244676,1561,49209,8297,3819,62886,12116,105,2977,907,3989,15,1949,-399,-486,1079,-885
09/21/2020,9677,180797,58378,248852,1592,49630,9225,3749,64196,12974,124,3470,582,4176,31,421,928,-70,1310,858
09/22/2020,9837,184298,58788,252923,1624,50473,9380,3841,65318,13221,160,3501,410,4071,32,843,155,92,1122,247
09/23/2020,9977,187958,59453,257388,1650,51578,9611,3666,66505,13277,140,3660,665,4465,26,1105,231,-175,1187,56
09/24/2020,10105,191853,60064,262022,1664,52742,9714,3518,67638,13232,128,3895,611,4634,14,1164,103,-148,1133,-45
09/25/2020,10218,196196,60431,266845,1677,54352,10027,2871,68927,12898,113,4343,367,4823,13,1610,313,-647,1289,-334
09/26/2020,10308,199403,61628,271339,1679,55350,10594,2561,70184,13155,90,3207,1197,4494,2,998,567,-310,1257,257
09/27/2020,10386,203014,61813,275213,1692,56413,10915,2350,71370,13265,78,3611,185,3874,13,1063,321,-211,1186,110
09/28/2020,10473,206870,61379,278722,1704,57741,10474,2258,72177,12732,87,3856,-434,3509,12,1328,-441,-92,807,-533
09/29/2020,10601,210437,61686,282724,1718,58865,10659,2067,73309,12726,128,3567,307,4002,14,1124,185,-191,1132,-6
09/30/2020,10740,214947,61321,287008,1731,60320,10353,1964,74368,12317,139,4510,-365,4284,13,1455,-306,-103,1059,-409
10/1/2020,10856,218487,61839,291182,1737,61444,10545,1795,75521,12340,116,3540,518,4174,6,1124,192,-169,1153,23
10/2/2020,10972,221340,63187,295499,1740,62279,10496,2104,76619,12600,116,2853,1348,4317,3,835,-49,309,1098,260
10/3/2020,11055,225052,63399,299506,1743,63286,10652,2103,77784,12755,83,3712,212,4007,3,1007,156,-1,1165,155
10/4/2020,11151,228453,63894,303498,1761,64319,11091,2043,79214,13134,96,3401,495,3992,18,1033,439,-60,1430,379
10/5/2020,11253,232593,63274,307120,1772,65295,10912,2057,80036,12969,102,4140,-620,3622,11,976,-179,14,822,-165
10/6/2020,11374,236437,63365,311176,1806,66315,10787,2135,81043,12922,121,3844,91,4056,34,1020,-125,78,1007,-47
10/7/2020,11472,240291,63951,315714,1819,67310,10807,2447,82383,13254,98,3854,586,4538,13,995,20,312,1340,332
10/8/2020,11580,244060,64924,320564,1838,68352,10717,2485,83392,13202,108,3769,973,4850,19,1042,-90,38,1009,-52
10/9/2020,11677,247667,65314,324658,1860,69203,10746,2555,84364,13301,97,3607,390,4094,22,851,29,70,972,99
10/10/2020,11765,251481,65706,328952,1877,70487,10698,2555,85617,13253,88,3814,392,4294,17,1284,-48,0,1253,-48
10/11/2020,11844,255027,66578,333449,1901,71549,10863,2693,87006,13556,79,3546,872,4497,24,1062,165,138,1389,303
10/12/2020,11935,258519,66262,336716,1922,72633,10814,2805,88174,13619,91,3492,-316,3267,21,1084,-49,112,1168,63
10/13/2020,12027,263296,65299,340622,1944,73733,10908,2643,89228,13551,92,4777,-963,3906,22,1100,94,-162,1054,-68
10/14/2020,12156,267851,64742,344749,1961,74924,10822,2559,90266,13381,129,4555,-557,4127,17,1191,-86,-84,1038,-170
10/15/2020,12268,273661,63231,349160,1984,75974,10636,2743,91337,13379,112,5810,-1511,4411,23,1050,-186,184,1071,-2
10/16/2020,12347,277544,63570,353461,2008,76956,10498,2920,92382,13418,79,3883,339,4301,24,982,-138,177,1045,39
10/17/2020,12431,281592,63739,357762,2032,78062,10591,2671,93356,13262,84,4048,169,4301,24,1106,93,-249,974,-156
10/18/2020,12511,285324,64032,361867,2051,79136,10782,2358,94327,13140,80,3732,293,4105,19,1074,191,-313,971,-122
10/19/2020,12617,289243,63380,365240,2064,80261,10325,2603,95253,12928,106,3919,-652,3373,13,1125,-457,245,926,-212
10/20/2020,12734,293653,62455,368842,2086,81107,10292,2732,96217,13024,117,4410,-925,3602,22,846,-33,129,964,96
10/21/2020,12857,297509,62743,373109,2105,82178,10273,2661,97217,12934,123,3856,288,4267,19,1071,-19,-71,1000,-90
10/22/2020,12959,301006,63576,377541,2120,83338,9980,2768,98206,12748,102,3497,833,4432,15,1160,-293,107,989,-186
10/23/2020,13077,305100,63733,381910,2138,84430,9604,2986,99158,12590,118,4094,157,4369,18,1092,-376,218,952,-158
10/24/2020,13205,309219,63556,385980,2153,85586,9557,2924,100220,12481,128,4119,-177,4070,15,1156,-47,-62,1062,-109
10/25/2020,13299,313764,62649,389712,2164,86815,9151,2861,100991,12012,94,4545,-907,3732,11,1229,-406,-63,771,-469
10/26/2020,13411,317672,61851,392934,2185,87977,8960,2775,101897,11735,112,3908,-798,3222,21,1162,-191,-86,906,-277
10/27/2020,13512,322248,60694,396454,2195,89060,8743,2680,102678,11423,101,4576,-1157,3520,10,1083,-217,-95,781,-312
10/28/2020,13612,325793,61078,400483,2211,90157,8438,2716,103522,11154,100,3545,384,4029,16,1097,-305,36,844,-269
10/29/2020,13701,329778,60569,404048,2225,91235,7951,2824,104235,10775,89,3985,-509,3565,14,1078,-487,108,713,-379
10/30/2020,13782,334295,58868,406945,2239,92312,7457,2839,104847,10296,81,4517,-1701,2897,14,1077,-494,15,612,-479
10/31/2020,13869,337801,58418,410088,2255,94434,6524,2384,105597,8908,87,3506,-450,3143,16,2122,-933,-455,750,-1388
11/1/2020,13943,341942,56899,412784,2273,94819,6935,2178,106205,9113,74,4141,-1519,2696,18,385,411,-206,608,205
11/2/2020,14044,345566,55792,415402,2291,95876,7312,1750,107229,9062,101,3624,-1107,2618,18,1057,377,-428,1024,-51
11/3/2020,14146,349497,54732,418375,2300,96902,6844,1800,107846,8644,102,3931,-1060,2973,9,1026,-468,50,617,-418
11/4/2020,14259,353282,54190,421731,2315,97833,6665,1807,108620,8472,113,3785,-542,3356,15,931,-179,7,774,-172
11/5/2020,14348,357142,54306,425796,2331,98806,6260,2014,109411,8274,89,3860,116,4065,16,973,-405,207,791,-198
11/6/2020,14442,360705,54427,429574,2348,99830,6050,1855,110083,7905,94,3563,121,3778,17,1024,-210,-159,672,-369
11/7/2020,14540,364417,54879,433836,2359,100816,6159,1867,111201,8026,98,3712,452,4262,11,986,109,12,1118,121
11/8/2020,14614,368298,54804,437716,2366,101791,6338,1532,112027,7870,74,3881,-75,3880,7,975,179,-335,826,-156
11/9/2020,14689,372266,53614,440569,2377,102844,6050,1472,112743,7522,75,3968,-1190,2853,11,1053,-288,-60,716,-348
11/10/2020,14761,375741,53846,444348,2391,104144,5724,1497,113756,7221,72,3475,232,3779,14,1300,-326,25,1013,-301
11/11/2020,14836,378982,54300,448118,2403,105117,5161,1662,114343,6823,75,3241,454,3770,12,973,-563,165,587,-398
11/12/2020,14933,382084,55274,452291,2414,106189,4878,1693,115174,6571,97,3102,974,4173,11,1072,-283,31,831,-252
11/13/2020,15037,385094,57604,457735,2428,107147,5028,1604,116207,6632,104,3010,2330,5444,14,958,150,-89,1033,61
11/14/2020,15148,388094,59765,463007,2441,108209,4710,2102,117462,6812,111,3000,2161,5272,13,1062,-318,498,1255,180
11/15/2020,15211,391991,59911,467113,2448,109181,4952,2046,118627,6998,63,3897,146,4106,7,972,242,-56,1165,186
11/16/2020,15296,395443,59909,470648,2455,110221,4420,2537,119633,6957,85,3452,-2,3535,7,1040,-532,491,1006,-41
11/17/2020,15393,398636,60426,474455,2459,111096,4355,2761,120671,7116,97,3193,517,3807,4,875,-65,224,1038,159
11/18/2020,15503,402347,60870,478720,2470,111948,4619,2781,121818,7400,110,3711,444,4265,11,852,264,20,1147,284
11/19/2020,15600,406612,61306,483518,2484,112833,4633,3053,123003,7686,97,4265,436,4798,14,885,14,272,1185,286
11/20/2020,15678,410552,62080,488310,2501,113739,4616,3387,124243,8003,78,3940,774,4792,17,906,-17,334,1240,317
11/21/2020,15774,413955,63579,493308,2515,114863,5323,3121,125822,8444,96,3403,1499,4998,14,1124,707,-266,1579,441
11/22/2020,15884,418188,63596,497668,2531,115939,5529,3165,127164,8694,110,4233,17,4360,16,1076,206,44,1342,250
11/23/2020,16002,422386,63722,502110,2548,117003,5592,3030,128173,8622,118,4198,126,4442,17,1064,63,-135,1009,-72
11/24/2020,16111,425313,64878,506302,2567,118062,5518,3041,129188,8559,109,2927,1156,4192,19,1059,-74,11,1015,-63
11/25/2020,16225,429807,65804,511836,2584,119099,6000,2778,130461,8778,114,4494,926,5534,17,1037,482,-263,1273,219
11/26/2020,16352,433649,66752,516753,2597,120287,5876,2765,131525,8641,127,3842,948,4917,13,1188,-124,-13,1064,-137
11/27/2020,16521,437456,68604,522581,2614,121082,6653,2612,132961,9265,169,3807,1852,5828,17,795,777,-153,1436,624
11/28/2020,16646,441983,69370,527999,2632,122328,6921,2450,134331,9371,125,4527,766,5418,18,1246,268,-162,1370,106
11/29/2020,16815,445793,71658,534266,2652,123163,7608,2339,135762,9947,169,3810,2288,6267,20,835,687,-111,1431,576
11/30/2020,16945,450518,71420,538883,2671,124078,7823,2289,136861,10112,130,4725,-238,4617,19,915,215,-50,1099,165
12/1/2020,17081,454879,72015,543975,2689,125102,7937,2191,137919,10128,136,4361,595,5092,18,1024,114,-98,1058,16
12/2/2020,17199,458880,73429,549508,2710,126163,8202,2010,139085,10212,118,4001,1414,5533,21,1061,265,-181,1166,84
12/3/2020,17355,462553,77969,557877,2734,127136,8155,2213,140238,10368,156,3673,4540,8369,24,973,-47,203,1153,156
12/4/2020,17479,466178,80023,563680,2757,128051,8073,2389,141270,10462,124,3625,2054,5803,23,915,-82,176,1032,94
12/5/2020,17589,470449,81669,569707,2779,129067,8623,2161,142630,10784,110,4271,1646,6027,22,1016,550,-228,1360,322
12/6/2020,17740,474771,83285,575796,2799,130136,8819,2207,143961,11026,151,4322,1616,6089,20,1069,196,46,1331,242
12/7/2020,17867,479202,84481,581550,2823,131071,9473,2060,145427,11533,127,4431,1196,5754,24,935,654,-147,1466,507
12/8/2020,18000,483497,85345,586842,2842,132248,9650,1861,146601,11511,133,4295,864,5292,19,1177,177,-199,1174,-22
12/9/2020,18171,487445,87284,592900,2860,133318,9703,1957,147838,11660,171,3948,1939,6058,18,1070,53,96,1237,149
12/10/2020,18336,491975,88622,598933,2880,134366,9391,2381,149018,11772,165,4530,1338,6033,20,1048,-312,424,1180,112
12/11/2020,18511,496886,89846,605243,2902,135545,9078,2725,150250,11803,175,4911,1224,6310,22,1179,-313,344,1232,31
12/12/2020,18653,501376,91602,611631,2922,136489,8822,2968,151201,11790,142,4490,1756,6388,20,944,-256,243,951,-13
12/13/2020,18819,505836,93165,617820,2941,137605,8679,3274,152499,11953,166,4460,1563,6189,19,1116,-143,306,1298,163
12/14/2020,18956,510957,93396,623309,2963,138988,8994,3120,154065,12114,137,5121,231,5489,22,1383,315,-154,1566,161
12/15/2020,19111,516656,93662,629429,2990,140225,8643,3264,155122,11907,155,5699,266,6120,27,1237,-351,144,1057,-207
12/16/2020,19248,521984,94922,636154,3010,141365,8263,3705,156343,11968,137,5328,1260,6725,20,1140,-380,441,1221,61
12/17/2020,19390,526979,97139,643508,3027,142741,7851,4414,158033,12265,142,4995,2217,7354,17,1376,-412,709,1690,297
12/18/2020,19514,531995,98688,650197,3048,143959,7673,4940,159620,12613,124,5016,1549,6689,21,1218,-178,526,1587,348
12/19/2020,19659,536260,102029,657948,3068,145066,8112,5273,161519,13385,145,4265,3341,7751,20,1107,439,333,1899,772
12/20/2020,19880,541811,103239,664930,3087,146958,8057,5009,163111,13066,221,5551,1210,6982,19,1892,-55,-264,1592,-319
12/21/2020,20085,546884,104809,671778,3097,148308,8366,4806,164577,13172,205,5073,1570,6848,10,1350,309,-203,1466,106
12/22/2020,20257,552722,105146,678125,3115,149691,8620,4462,165888,13082,172,5838,337,6347,18,1383,254,-344,1311,-90
12/23/2020,20408,558703,106528,685639,3130,151122,8643,4947,167842,13590,151,5981,1382,7514,15,1431,23,485,1954,508
12/24/2020,20589,563980,108269,692838,3146,152491,8833,5305,169775,14138,181,5277,1741,7199,16,1369,190,358,1933,548
12/25/2020,20847,570304,108946,700097,3167,154242,8720,5742,171871,14462,258,6324,677,7259,21,1751,-113,437,2096,324
12/26/2020,20994,576693,109150,706837,3182,156798,9439,4510,173929,13949,147,6389,204,6740,15,2556,719,-1232,2058,-513
12/27/2020,21237,583676,108452,713365,3204,158615,9655,4452,175926,14107,243,6983,-698,6528,22,1817,216,-58,1997,158
12/28/2020,21452,589978,107789,719219,3226,159878,9919,4581,177604,14500,215,6302,-663,5854,22,1263,264,129,1678,393
12/29/2020,21703,596783,108636,727122,3246,161337,10018,5059,179660,15077,251,6805,847,7903,20,1459,99,478,2056,577
12/30/2020,21944,603741,109439,735124,3266,162911,9882,5654,181713,15536,241,6958,803,8002,20,1574,-136,595,2053,459
12/31/2020,22138,611097,109963,743198,3287,164881,9746,5821,183735,15567,194,7356,524,8074,21,1970,-136,167,2022,31
1/1/2021,22329,617936,111005,751270,3308,166512,10082,5789,185691,15871,191,6839,1042,8072,21,1631,336,-32,1956,304
1/2/2021,22555,625518,110400,758473,3334,168781,10872,4599,187586,15471,226,7582,-605,7203,26,2269,790,-1190,1895,-400
1/3/2021,22734,631937,110679,765350,3345,170510,10978,4410,189243,15388,179,6419,279,6877,11,1729,106,-189,1657,-83
1/4/2021,22911,639103,110089,772103,3369,173036,10371,4299,191075,14670,177,7166,-590,6753,24,2526,-607,-111,1832,-718
1/5/2021,23109,645746,110693,779548,3392,174131,10897,4479,192899,15376,198,6643,604,7445,23,1095,526,180,1824,706
1/6/2021,23296,652513,112593,788402,3410,175441,12196,4254,195301,16450,187,6767,1900,8854,18,1310,1299,-225,2402,1074
1/7/2021,23520,659437,114766,797723,3435,176882,12781,4601,197699,17382,224,6924,2173,9321,25,1441,585,347,2398,932
1/8/2021,23753,666883,117704,808340,3463,179562,13397,4236,200658,17633,233,7446,2938,10617,28,2680,616,-365,2959,251
1/9/2021,23947,673511,120928,818386,3485,181613,13076,5237,203411,18313,194,6628,3224,10046,22,2051,-321,1001,2753,680
1/10/2021,24129,681024,122873,828026,3517,184576,13166,4863,206122,18029,182,7513,1945,9640,32,2963,90,-374,2711,-284
1/11/2021,24343,688739,123636,836718,3551,187086,13541,4405,208583,17946,214,7715,763,8692,34,2510,375,-458,2461,-83
1/12/2021,24645,695807,126313,846765,3589,188675,14591,4397,211252,18988,302,7068,2677,10047,38,1589,1050,-8,2669,1042
1/13/2021,24951,703464,129628,858043,3634,191635,15009,4450,214728,19459,306,7657,3315,11278,45,2960,418,53,3476,471
1/14/2021,25246,711205,133149,869600,3675,193719,15852,4647,217893,20499,295,7741,3521,11557,41,2084,843,197,3165,1040
1/15/2021,25484,718696,138238,882418,3710,195924,15553,5247,220434,20800,238,7491,5089,12818,35,2205,-299,600,2541,301
1/16/2021,25767,727358,143517,896642,3745,198136,17524,4565,223970,22089,283,8662,5279,14224,35,2212,1971,-682,3536,1289
1/17/2021,25987,736460,145482,907929,3779,201907,16741,4938,227365,21679,220,9102,1965,11287,34,3771,-783,373,3395,-410
1/18/2021,26282,745935,144798,917015,3815,204711,16419,4781,229726,21200,295,9475,-684,9086,36,2804,-322,-157,2361,-479
1/19/2021,26590,753948,146842,927380,3836,209238,14604,4611,232289,19215,308,8013,2044,10365,21,4527,-1815,-170,2563,-1985
1/20/2021,26857,763703,149388,939948,3868,210983,16389,4835,236075,21224,267,9755,2546,12568,32,1745,1785,224,3786,2009
1/21/2021,27203,772790,151658,951651,3900,213570,16966,4790,239226,21756,346,9087,2270,11703,32,2587,577,-45,3151,532
1/22/2021,27453,781147,156683,965283,3940,215719,17752,5607,243018,23359,250,8357,5025,13632,40,2149,786,817,3792,1603
1/23/2021,27664,791059,158751,977474,3980,219287,18657,4379,246303,23036,211,9912,2068,12191,40,3568,905,-1228,3285,-323
1/24/2021,27835,798810,162617,989262,4024,221567,19554,4670,249815,24224,171,7751,3866,11788,44,2280,897,291,3512,1188
1/25/2021,28132,809488,161636,999256,4063,224071,19869,4263,252266,24132,297,10678,-981,9994,39,2504,315,-407,2451,-92
1/26/2021,28468,820356,163526,1012350,4108,227010,19432,4030,254580,23462,336,10868,1890,13094,45,2939,-437,-233,2314,-670
1/27/2021,28855,831330,164113,1024298,4134,229981,18528,3773,256416,22301,387,10974,587,11948,26,2971,-904,-257,1836,-1161
1/28/2021,29331,842122,166540,1037993,4185,232701,18473,3946,259305,22419,476,10792,2427,13695,51,2720,-55,173,2889,118
1/29/2021,29518,852260,170017,1051795,4224,235140,19381,4008,262753,23389,187,10138,3477,13802,39,2439,908,62,3448,970
1/30/2021,29728,862502,174083,1066313,4254,238395,20539,3056,266244,23595,210,10242,4066,14518,39,3255,1158,-952,3491,206
1/31/2021,29998,873221,175095,1078314,4267,242069,19272,4110,269718,23382,270,10719,1012,12001,13,3674,-1267,1054,3474,-213
2/1/2021,30277,883682,175349,1089308,4337,244202,19824,4969,273332,24793,279,10461,254,10994,70,2133,552,859,3614,1411
2/2/2021,30581,896530,172576,1099687,4379,248515,18925,4875,276694,23800,304,12848,-2773,10379,42,4313,-899,-94,3362,-993
2/3/2021,30770,905665,175236,1111671,4420,249810,21863,4168,280261,26031,189,9135,2660,11984,41,1295,2938,-707,3567,2231
2/4/2021,31001,917036,175068,1123105,4461,254155,20419,4858,283893,25277,231,11371,-168,11434,41,4345,-1444,690,3632,-754
2/5/2021,31202,926980,176672,1134854,4502,256702,21191,4838,287233,26029,201,9944,1604,11749,41,2547,772,-20,3340,752
2/6/2021,31393,939184,176433,1147010,4541,261027,19325,4719,289612,24044,191,12204,-239,12156,39,4325,-1866,-119,2379,-1985
2/7/2021,31556,949990,176291,1157837,4587,265369,17958,5911,293825,23869,163,10806,-142,10827,46,4342,-1367,1192,4213,-175
2/8/2021,31763,963028,171288,1166079,4631,268785,17766,5787,296969,23553,207,13038,-5003,8242,44,3416,-192,-124,3144,-316
2/9/2021,31976,973452,169351,1174779,4681,271573,18174,5978,300406,24152,213,10424,-1937,8700,50,2788,408,191,3437,599
2/10/2021,32167,982972,168416,1183555,4725,274817,16676,7497,303715,24173,191,9520,-935,8776,44,3244,-1498,1519,3309,21
2/11/2021,32381,993117,166492,1191990,4748,278822,14119,8540,306229,22659,214,10145,-1924,8435,23,4005,-2557,1043,2514,-1514
2/12/2021,32656,1004117,165086,1201859,4798,284579,10774,9888,310039,20662,275,11000,-1406,9869,50,5757,-3345,1348,3810,-1997
2/13/2021,32936,1016036,161731,1210703,4850,289189,9644,9374,313057,19018,280,11919,-3355,8844,52,4610,-1130,-514,3018,-1644
2/14/2021,33183,1025273,159012,1217468,4895,293538,9017,8103,315553,17120,247,9237,-2719,6765,45,4349,-627,-1271,2496,-1898
2/15/2021,33367,1032065,158498,1223930,4940,295623,8881,7988,317432,16869,184,6792,-514,6462,45,2085,-136,-115,1879,-251
2/16/2021,33596,1039674,160689,1233959,4987,297695,9042,7569,319293,16611,229,7609,2191,10029,47,2072,161,-419,1861,-258
2/17/2021,33788,1047676,162182,1243646,5026,299795,8467,7450,320738,15917,192,8002,1493,9687,39,2100,-575,-119,1445,-694
2/18/2021,33969,1058222,160494,1252685,5044,302451,7067,6549,321111,13616,181,10546,-1688,9039,18,2656,-1400,-901,373,-2301
2/19/2021,34152,1069005,160142,1263299,5081,304995,7323,5632,323031,12955,183,10783,-352,10614,37,2544,256,-917,1920,-661
2/20/2021,34316,1078840,158197,1271353,5121,307759,7165,5858,325903,13023,164,9835,-1945,8054,40,2764,-158,226,2872,68
2/21/2021,34489,1087076,157088,1278653,5172,310412,7137,5902,328623,13039,173,8236,-1109,7300,51,2653,-28,44,2720,16
2/22/2021,34691,1096994,157148,1288833,5206,312748,7528,5612,331094,13140,202,9918,60,10180,34,2336,391,-290,2471,101
2/23/2021,35014,1104990,158604,1298608,5248,314563,7126,4939,331876,12065,323,7996,1456,9775,42,1815,-402,-673,782,-1075
2/24/2021,35254,1112725,158162,1306141,5301,317003,6008,4346,332658,10354,240,7735,-442,7533,53,2440,-1118,-593,782,-1711
2/25/2021,35518,1121411,157705,1314634,5346,319326,5499,4068,334239,9567,264,8686,-457,8493,45,2323,-509,-278,1581,-787
2/26/2021,35786,1128672,158408,1322866,5385,321038,5560,3917,335900,9477,268,7261,703,8232,39,1712,61,-151,1661,-90
2/27/2021,35981,1136054,157039,1329074,5439,322285,5885,4028,337637,9913,195,7382,-1369,6208,54,1247,325,111,1737,436
2/28/2021,36166,1142703,155765,1334634,5478,323892,5940,4425,339735,10365,185,6649,-1274,5560,39,1607,55,397,2098,452
3/1/2021,36325,1151915,153074,1341314,5528,326509,5891,3865,341793,9756,159,9212,-2691,6680,50,2617,-49,-560,2058,-609
3/2/2021,36518,1160863,149645,1347026,5568,328526,5072,3205,342371,8277,193,8948,-3429,5712,40,2017,-819,-660,578,-1479
3/3/2021,36721,1169916,147197,1353834,5613,331016,3742,3437,343808,7179,203,9053,-2448,6808,45,2490,-1330,232,1437,-1098
3/4/2021,36897,1176356,147845,1361098,5657,332758,3940,3461,345816,7401,176,6440,648,7264,44,1742,198,24,2008,222
3/5/2021,37026,1182687,148380,1368093,5702,334100,4026,3147,346975,7173,129,6331,535,6995,45,1342,86,-314,1159,-228
3/6/2021,37154,1189510,147172,1373836,5748,335617,4228,2998,348591,7226,128,6823,-1208,5743,46,1517,202,-149,1616,53
3/7/2021,37266,1194656,147740,1379662,5790,337426,4194,3015,350425,7209,112,5146,568,5826,42,1809,-34,17,1834,-17
3/8/2021,37547,1203381,145628,1386556,5838,338931,4494,2945,352208,7439,281,8725,-2112,6894,48,1505,300,-70,1783,230
3/9/2021,37757,1210877,144311,1392945,5883,340587,3856,2749,353075,6605,210,7496,-1317,6389,45,1656,-638,-196,867,-834
3/10/2021,37932,1216433,144213,1398578,5923,341398,3691,3103,354115,6794,175,5556,-98,5633,40,811,-165,354,1040,189
3/11/2021,38049,1224603,141070,1403722,5943,342306,4253,3367,355869,7620,117,8170,-3143,5144,20,908,562,264,1754,826
3/12/2021,38229,1231454,140451,1410134,5969,343351,4670,3752,357742,8422,180,6851,-619,6412,26,1045,417,385,1873,802
3/13/2021,38329,1237470,138942,1414741,5991,345202,4226,3357,358776,7583,100,6016,-1509,4607,22,1851,-444,-395,1034,-839
3/14/2021,38426,1243117,137912,1419455,6026,347210,3443,3301,359980,6744,97,5647,-1030,4714,35,2008,-783,-56,1204,-839
3/15/2021,38573,1249947,136524,1425044,6038,349002,3485,3010,361535,6495,147,6830,-1388,5589,12,1792,42,-291,1555,-249
3/16/2021,38753,1257663,134042,1430458,6062,350561,2996,2751,362370,5747,180,7716,-2482,5414,24,1559,-489,-259,835,-748
3/17/2021,38915,1266673,131695,1437283,6077,351680,2907,3036,363700,5943,162,9010,-2347,6825,15,1119,-89,285,1330,196
3/18/2021,39142,1272958,131753,1443853,6100,352827,3273,3219,365419,6492,227,6285,58,6570,23,1147,366,183,1719,549
3/19/2021,39339,1278965,131828,1450132,6120,354036,3483,3368,367007,6851,197,6007,75,6279,20,1209,210,149,1588,359
3/20/2021,39447,1284725,131616,1455788,6143,355221,3894,3686,368944,7580,108,5760,-212,5656,23,1185,411,318,1937,729
3/21/2021,39550,1290790,129844,1460184,6160,357100,3859,3463,370582,7322,103,6065,-1772,4396,17,1879,-35,-223,1638,-258
3/22/2021,39711,1297967,128250,1465928,6179,358826,3775,3276,372056,7051,161,7177,-1594,5744,19,1726,-84,-187,1474,-271
3/23/2021,39865,1304921,126439,1471225,6206,360479,3107,3079,372871,6186,154,6954,-1811,5297,27,1653,-668,-197,815,-865
3/24/2021,39983,1312543,123926,1476452,6224,362248,2650,2639,373761,5289,118,7622,-2513,5227,18,1769,-457,-440,890,-897
3/25/2021,40081,1317199,125279,1482559,6241,362975,3222,3049,375487,6271,98,4656,1353,6107,17,727,572,410,1726,982
3/26/2021,40166,1322878,124497,1487541,6260,363599,3629,3380,376868,7009,85,5679,-782,4982,19,624,407,331,1381,738
3/27/2021,40364,1327121,124517,1492002,6281,364251,3932,3758,378222,7690,198,4243,20,4461,21,652,303,378,1354,681
3/28/2021,40449,1331400,124236,1496085,6304,365592,3966,3830,379692,7796,85,4279,-281,4083,23,1341,34,72,1470,106
3/29/2021,40581,1336818,123694,1501093,6324,366615,4034,3733,380706,7767,132,5418,-542,5008,20,1023,68,-97,1014,-29
3/30/2021,40754,1342695,122326,1505775,6327,367819,3419,3525,381090,6944,173,5877,-1368,4682,3,1204,-615,-208,384,-823
3/31/2021,40858,1348330,122524,1511712,6341,369007,3028,3679,382055,6707,104,5635,198,5937,14,1188,-391,154,965,-237
4/1/2021,41054,1355578,121222,1517854,6344,369929,3447,3672,383392,7119,196,7248,-1302,6142,3,922,419,-7,1337,412
4/2/2021,41151,1361017,121011,1523179,6351,371254,3433,3594,384632,7027,97,5439,-211,5325,7,1325,-14,-78,1240,-92
4/3/2021,41242,1366214,120068,1527524,6356,372494,3317,3563,385730,6880,91,5197,-943,4345,5,1240,-116,-31,1098,-147
4/4/2021,41669,1375877,116709,1534255,6360,373565,3149,3392,386466,6541,427,9663,-3359,6731,4,1071,-168,-171,736,-339
4/5/2021,41815,1381677,114475,1537967,6372,374542,2771,3304,386989,6075,146,5800,-2234,3712,12,977,-378,-88,523,-466
4/6/2021,41977,1385973,114566,1542516,6379,375080,2705,3312,387476,6017,162,4296,91,4549,7,538,-66,8,487,-58
4/7/2021,42064,1391742,113570,1547376,6391,375651,2814,3482,388338,6296,87,5769,-996,4860,12,571,109,170,862,279
4/8/2021,42227,1399382,111271,1552880,6410,376270,3244,3653,389577,6897,163,7640,-2299,5504,19,619,430,171,1239,601
4/9/2021,42348,1405679,110118,1558145,6424,376959,3506,3701,390590,7207,121,6297,-1153,5265,14,689,262,48,1013,310
4/10/2021,42443,1409288,111137,1562868,6435,377797,3716,3619,391567,7335,95,3609,1019,4723,11,838,210,-82,977,128
4/11/2021,42530,1414507,109958,1566995,6450,379210,3617,3321,392598,6938,87,5219,-1179,4127,15,1413,-99,-298,1031,-397
4/12/2021,42656,1419796,109372,1571824,6459,380560,3324,2947,393290,6271,126,5289,-586,4829,9,1350,-293,-374,692,-667
4/13/2021,42782,1426145,108599,1577526,6482,381449,3326,2861,394118,6187,126,6349,-773,5702,23,889,2,-86,828,-84
4/14/2021,42906,1431892,108384,1583182,6489,382091,3338,2861,394779,6199,124,5747,-215,5656,7,642,12,0,661,12
4/15/2021,43073,1438254,108032,1589359,6504,382617,3921,3067,396109,6988,167,6362,-352,6177,15,526,583,206,1330,789
4/16/2021,43196,1444229,107297,1594722,6513,383655,3607,3313,397088,6920,123,5975,-735,5363,9,1038,-314,246,979,-68
4/17/2021,43328,1450192,106243,1599763,6520,384652,3512,3441,398125,6953,132,5963,-1054,5041,7,997,-95,128,1037,33
4/18/2021,43424,1455065,105859,1604348,6536,385615,3313,3611,399075,6924,96,4873,-384,4585,16,963,-199,170,950,-29
4/19/2021,43567,1461414,104319,1609300,6558,386606,3218,3666,400048,6884,143,6349,-1540,4952,22,991,-95,55,973,-40
4/20/2021,43777,1468142,102930,1614849,6569,387507,2945,3487,400508,6432,210,6728,-1389,5549,11,901,-273,-179,460,-452
4/21/2021,44007,1475456,101106,1620569,6587,388083,2954,3486,401110,6440,230,7314,-1824,5720,18,576,9,-1,602,8
4/22/2021,44172,1481449,101191,1626812,6596,388735,3497,3548,402376,7045,165,5993,85,6243,9,652,543,62,1266,605
4/23/2021,44346,1487369,100533,1632248,6612,389445,3584,3619,403260,7203,174,5920,-658,5436,16,710,87,71,884,158
4/24/2021,44500,1492322,99970,1636792,6623,390334,3563,3647,404167,7210,154,4953,-563,4544,11,889,-21,28,907,7
4/25/2021,44594,1496126,100474,1641194,6645,391301,3399,3718,405063,7117,94,3804,504,4402,22,967,-164,71,896,-93
4/26/2021,44770,1501715,100652,1647138,6660,392595,3152,3405,405812,6557,176,5589,178,5944,15,1294,-247,-313,749,-560
4/27/2021,44939,1506599,100256,1651794,6679,393205,2999,3322,406205,6321,169,4884,-396,4656,19,610,-153,-83,393,-236
4/28/2021,45116,1511417,100502,1657035,6690,393814,2950,3390,406844,6340,177,4818,246,5241,11,609,-49,68,639,19
4/29/2021,45334,1517432,100102,1662868,6710,394403,3308,3410,407831,6718,218,6015,-400,5833,20,589,358,20,987,378
4/30/2021,45521,1522634,100213,1668368,6733,394939,3421,3527,408620,6948,187,5202,111,5500,23,536,113,117,789,230
5/1/2021,45652,1526978,100250,1672880,6747,395644,3533,3622,409546,7155,131,4344,37,4512,14,705,112,95,926,207
5/2/2021,45796,1530718,100760,1677274,6767,396594,3450,3589,410400,7039,144,3740,510,4394,20,950,-83,-33,854,-116
5/3/2021,45949,1535491,100564,1682004,6788,397349,3483,3537,411157,7020,153,4773,-196,4730,21,755,33,-52,757,-19
5/4/2021,46137,1541149,99087,1686373,6807,397955,3247,3564,411573,6811,188,5658,-1477,4369,19,606,-236,27,416,-209
5/5/2021,46349,1547092,98217,1691658,6830,398610,3240,3738,412418,6978,212,5943,-870,5285,23,655,-7,174,845,167
5/6/2021,46496,1552532,98277,1697305,6850,399224,3406,3843,413323,7249,147,5440,60,5647,20,614,166,105,905,271
5/7/2021,46663,1558423,98546,1703632,6872,399821,3485,3928,414106,7413,167,5891,269,6327,22,597,79,85,783,164
5/8/2021,46842,1563917,99003,1709762,6896,400403,3569,3970,414838,7539,179,5494,457,6130,24,582,84,42,732,126
5/9/2021,47012,1568277,98395,1713684,6911,401114,3648,3974,415647,7622,170,4360,-608,3922,15,711,79,4,809,83
5/10/2021,47218,1574615,96742,1718575,6933,401744,3723,3941,416341,7664,206,6338,-1653,4891,22,630,75,-33,694,42
5/11/2021,47465,1580207,95924,1723596,6952,402374,3490,3931,416747,7421,247,5592,-818,5021,19,630,-233,-10,406,-243
5/12/2021,47617,1584878,95709,1728204,6973,403039,3402,3989,417403,7391,152,4671,-215,4608,21,665,-88,58,656,-30
5/13/2021,47716,1589079,94857,1731652,6973,403630,3630,3955,418188,7585,99,4201,-852,3448,0,591,228,-34,785,194
5/14/2021,47823,1592886,93576,1734285,7003,404187,3502,4128,418820,7630,107,3807,-1281,2633,30,557,-128,173,632,45
5/15/2021,47967,1597067,91636,1736670,7066,404715,3288,3978,419047,7266,144,4181,-1940,2385,63,528,-214,-150,227,-364
5/16/2021,48093,1600857,90800,1739750,7082,404980,3189,3957,419208,7146,126,3790,-836,3080,16,265,-99,-21,161,-120
5/17/2021,48305,1606611,89129,1744045,7107,405229,3158,4135,419629,7293,212,5754,-1671,4295,25,249,-31,178,421,147
5/18/2021,48477,1612239,87514,1748230,7130,405357,3248,4185,419920,7433,172,5628,-1615,4185,23,128,90,50,291,140
5/19/2021,48669,1616603,87829,1753101,7149,405535,3366,4409,420459,7775,192,4364,315,4871,19,178,118,224,539,342
5/20/2021,48887,1621572,88439,1758898,7169,405714,3797,4674,421354,8471,218,4969,610,5797,20,179,431,265,895,696
5/21/2021,49073,1626142,89429,1764644,7184,405918,4142,4966,422210,9108,186,4570,990,5746,15,204,345,292,856,637
5/22/2021,49205,1629495,91240,1769940,7196,406300,4386,5260,423142,9646,132,3353,1811,5296,12,382,244,294,932,538
5/23/2021,49328,1633045,92847,1775220,7207,406669,4744,5389,424009,10133,123,3550,1607,5280,11,369,358,129,867,487
5/24/2021,49455,1638279,93393,1781127,7225,406987,5079,5537,424828,10616,127,5234,546,5907,18,318,335,148,819,483
5/25/2021,49627,1642074,94486,1786187,7239,407493,5017,5463,425212,10480,172,3795,1093,5060,14,506,-62,-74,384,-136
5/26/2021,49771,1645263,96187,1791221,7250,408019,4993,5567,425829,10560,144,3189,1701,5034,11,526,-24,104,617,80
5/27/2021,49907,1649187,98405,1797499,7271,408585,5280,5633,426769,10913,136,3924,2218,6278,21,566,287,66,940,353
5/28/2021,50100,1654557,98704,1803361,7288,409497,5161,5516,427462,10677,193,5370,299,5862,17,912,-119,-117,693,-236
05/29/2021,50262,1659974,99690,1809926,7296,410508,5004,5461,428269,10465,162,5417,986,6565,8,1011,-157,-55,807,-212
05/30/2021,50404,1663998,101639,1816041,7309,411495,5100,5429,429333,10529,142,4024,1949,6115,13,987,96,-32,1064,64
05/31/2021,50578,1669119,102006,1821703,7327,412074,5241,5417,430059,10658,174,5121,367,5662,18,579,141,-12,726,129
06/01/2021,50723,1674479,101325,1826527,7349,412593,5214,5422,430578,10636,145,5360,-681,4824,22,519,-27,5,519,-22
06/02/2021,50908,1680501,100364,1831773,7361,413179,5178,5461,431179,10639,185,6022,-961,5246,12,586,-36,39,601,3
06/03/2021,51095,1691593,94438,1837126,7381,413680,5402,5430,431893,10832,187,11092,-5926,5353,20,501,224,-31,714,193
06/04/2021,51296,1697543,94773,1843612,7402,414496,5414,5487,432799,10901,201,5950,335,6486,21,816,12,57,906,69
06/05/2021,51449,1701784,96973,1850206,7423,415317,5756,5620,434116,11376,153,4241,2200,6594,21,821,342,133,1317,475
06/06/2021,51612,1705971,98455,1856038,7438,416181,5966,5550,435135,11516,163,4187,1482,5832,15,864,210,-70,1019,140
06/07/2021,51803,1711565,99663,1863031,7457,416994,6261,5620,436332,11881,191,5594,1208,6993,19,813,295,70,1197,365
06/08/2021,51992,1717370,99963,1869325,7478,417997,6057,5555,437087,11612,189,5805,300,6294,21,1003,-204,-65,755,-269
06/09/2021,52162,1723253,101635,1877050,7499,419109,6120,5730,438458,11850,170,5883,1672,7725,21,1112,63,175,1371,238
06/10/2021,52373,1728914,104614,1885901,7523,420211,6991,5829,440554,12820,211,5661,2979,8851,24,1102,871,99,2096,970
06/11/2021,52566,1735144,106315,1894025,7543,421396,7750,6158,442847,13908,193,6230,1701,8124,20,1185,759,329,2293,1088
06/12/2021,52730,1740436,108324,1901490,7557,422121,8855,6769,445302,15624,164,5292,2009,7465,14,725,1105,611,2455,1716
06/13/2021,52879,1745091,113388,1911358,7571,423056,10034,7410,448071,17444,149,4655,5064,9868,14,935,1179,641,2769,1820
06/14/2021,53116,1751234,115197,1919547,7609,424088,11240,7856,450793,19096,237,6143,1809,8189,38,1032,1206,446,2722,1652
06/15/2021,53280,1757641,116787,1927708,7634,425417,11102,8142,452295,19244,164,6407,1590,8161,25,1329,-138,286,1502,148
06/16/2021,53476,1763870,120306,1937652,7665,426695,11555,8756,454671,20311,196,6229,3519,9944,31,1278,453,614,2376,1067
06/17/2021,53753,1771220,125303,1950276,7713,428764,13054,9284,458815,22338,277,7350,4997,12624,48,2069,1499,528,4144,2027
06/18/2021,54043,1779127,130096,1963266,7777,431264,14951,9560,463552,24511,290,7907,4793,12990,64,2500,1897,276,4737,2173
06/19/2021,54291,1786143,135738,1976172,7836,433499,16787,10325,468447,27112,248,7016,5642,12906,59,2235,1836,765,4895,2601
06/20/2021,54662,1792528,142719,1989909,7905,435982,19105,11037,474029,30142,371,6385,6981,13737,69,2483,2318,712,5582,3030
06/21/2021,54956,1801761,147728,2004445,7976,439007,20717,11343,479043,32060,294,9233,5009,14536,71,3025,1612,306,5014,1918
06/22/2021,55291,1810136,152686,2018113,8014,442059,21167,11024,482264,32191,335,8375,4958,13668,38,3052,450,-319,3221,131
06/23/2021,55594,1817303,160524,2033421,8057,443195,22868,12837,486957,35705,303,7167,7838,15308,43,1136,1701,1813,4693,3514
06/24/2021,55949,1826504,171542,2053995,8107,445718,26403,14234,494462,40637,355,9201,11018,20574,50,2523,3535,1397,7505,4932
06/25/2021,56371,1835061,181435,2072867,8177,448288,29325,15606,501396,44931,422,8557,9893,18872,70,2570,2922,1372,6934,4294
06/26/2021,56729,1842457,194776,2093962,8220,451013,33829,17605,510667,51434,358,7396,13341,21095,43,2725,4504,1999,9271,6503
06/27/2021,57138,1850481,207685,2115304,8269,454497,38464,18831,520061,57295,409,8024,12909,21342,49,3484,4635,1226,9394,5861
06/28/2021,57561,1859961,218476,2135998,8348,457935,42252,19874,528409,62126,423,9480,10791,20694,79,3438,3788,1043,8348,4831
06/29/2021,58024,1869606,228835,2156465,8426,461439,45504,20419,535788,65923,463,9645,10359,20467,78,3504,3252,545,7379,3797
6/30/2021,58491,1880413,239368,2178272,8486,464943,47829,22210,543468,70039,467,10807,10533,21807,60,3504,2325,1791,7680,4116